49 80 
49 81 
00 00 
48 82
40 81
12 3A
40 82
60 80
48 82
40 81
21 01
48 81
10 28
41 82
10 FE

49 80 
49 81 
00 00 
48 82
40 81
12 3A
40 82
60 80
48 82
40 81
21 01
48 81
10 28
41 82
10 FE
49 80 
49 81 
00 00 
48 82
40 81
12 3A
40 82
60 80
48 82
40 81
21 01
48 81
10 28
41 82
10 FE
49 80 
49 81 
00 00 
48 82
40 81
12 3A
40 82
60 80
48 82
40 81
21 01
48 81
10 28
41 82
10 FE
49 80 
49 81 
00 00 
48 82
40 81
12 3A
40 82
60 80
48 82
40 81
21 01
48 81
10 28
41 82
10 FE
49 80 
49 81 
00 00 
48 82
40 81
12 3A
40 82
60 80
48 82
40 81
21 01
48 81
10 28
41 82
10 FE
49 80 
49 81 
00 00 
48 82
40 81
12 3A
40 82
60 80
48 82
40 81
21 01
48 81
10 28
41 82
10 FE
49 80 
49 81 
00 00 
48 82
40 81
12 3A
40 82
60 80
48 82
40 81
21 01
48 81
10 28
41 82
10 FE
49 80 
49 81 
00 00 
48 82
40 81
12 3A
40 82
60 80
48 82
40 81
21 01
48 81
10 28
41 82
10 FE
49 80 
49 81 
00 00 
48 82
40 81
12 3A
40 82
60 80
48 82
40 81
21 01
48 81
10 28
41 82
10 FE
49 80 
49 81 
00 00 
48 82
40 81
12 3A
40 82
60 80
48 82
40 81
21 01
48 81
10 28
41 82
10 FE
49 80 
49 81 
00 00 
48 82
40 81
12 3A
40 82
60 80
48 82
40 81
21 01
48 81
10 28
41 82
10 FE